3.939321686454590188e-03
9.617551669315804394e-04
7.831354666545632063e-04
7.464344208941809744e-04
7.917312048338648756e-04
7.771630911895680352e-04
7.689793426395645460e-04
8.260078612707614371e-04
8.228416802243344787e-04
7.946440872056262416e-04
7.724452193545561880e-04
7.370213196716374985e-04
7.520181521780730082e-04
7.055300371425728741e-04
7.248278865073289621e-04
7.205459746044306406e-04
7.229083769821695185e-04
6.683016162262195173e-04
7.157363895592944560e-04
7.228814918799178523e-04
6.623313145061570642e-04
6.825028488131624224e-04
6.841971494981811909e-04
6.649825166881321095e-04
6.765002994576380666e-04
6.926884123175921842e-04
6.778077665154660057e-04
6.431622308353700983e-04
6.761091987099793936e-04
7.096433167951921115e-04
6.681110368420680118e-04
7.085237788435603569e-04
6.739643465964094372e-04
6.808847274505607080e-04
6.444317508222801054e-04
6.742498584993420656e-04
7.636452210505329918e-04
6.445826778912709925e-04
6.720918528218236716e-04
6.695787278780092680e-04
6.534198802408008487e-04
6.519002069918704376e-04
6.629899741032175805e-04
7.023658402382381869e-04
6.536959595091286533e-04
6.596274126232379645e-04
6.733077875567630190e-04
6.444256267850361018e-04
6.831357162076210666e-04
6.927832430376419702e-04
6.683963393082930802e-04
6.635319606755815929e-04
6.376264625901563628e-04
6.632415553007925055e-04
7.094824604970949864e-04
6.305930551718033628e-04
6.658430245985824496e-04
6.694426963342323730e-04
6.532445850427307139e-04
6.806597331287486978e-04
6.880176704125626728e-04
6.860307989538543720e-04
6.855488225026794800e-04
6.853181839225784208e-04
6.457382232867300105e-04
6.547186177016959879e-04
6.524808147168230724e-04
6.768026384007599927e-04
7.029799627701914305e-04
6.603357575405093384e-04
6.801999536978583540e-04
6.905822127702689831e-04
6.905897150910090014e-04
6.392306883612440538e-04
6.954539085309656941e-04
6.413438701115193501e-04
6.828213790394661691e-04
6.521288115560771974e-04
6.978636942175586114e-04
6.366442480228013106e-04
6.844986552217354478e-04
6.333170936901181582e-04
6.805491038332027974e-04
6.874302996411209938e-04
6.417409985488842228e-04
6.471954228629963951e-04
6.667498029058888109e-04
6.654593613486559393e-04
6.394476010575003396e-04
7.152781379039562307e-04
6.870579475256067279e-04
6.592151770249955701e-04
6.448423999568654412e-04
6.818590009777200124e-04
4.961753620152612593e-04
4.785643761704069517e-04
4.783527230814335726e-04
4.942402660676706739e-04
4.787642729379946462e-04
4.920783591648888707e-04
4.892755661248450894e-04
4.775341702551240712e-04
4.812461110053672855e-04
4.850931627498495931e-04
4.742814853624810088e-04
4.816036595822504067e-04
4.972899963133155287e-04
4.698680217991331584e-04
4.857733267514656190e-04
4.679907007985526488e-04
4.674503097813280904e-04
4.703468443374962541e-04
4.774471193862458280e-04
4.662764670571223672e-04
4.801394950990225214e-04
4.730918295016246430e-04
4.850918073613669917e-04
4.723193031913113199e-04
4.804922451472116735e-04
4.716638772053614501e-04
4.668672430875991908e-04
4.655337631739380161e-04
4.852988467448287680e-04
4.861416546664836143e-04
4.705370923814674233e-04
4.713249657421357997e-04
4.698431225759642517e-04
4.745220503444591326e-04
4.670670263410087392e-04
4.799139369205231501e-04
4.588349340372674303e-04
4.628862050871941072e-04
4.767052101577439740e-04
4.622294452403568807e-04
4.656433845345403998e-04
4.741112265499338027e-04
4.675921714598578862e-04
4.739091709063994440e-04
4.740878332605851409e-04
4.720720533643745810e-04
4.596439140316631051e-04
4.671796919992341401e-04
4.611013656378620037e-04
4.738394605801514795e-04
4.682104775889052092e-04
4.661653645979684001e-04
4.685898848055374270e-04
4.602539914083622922e-04
4.671889066784864130e-04
4.741065208578393525e-04
4.675114112130055854e-04
4.792438072544182785e-04
4.635614772061152022e-04
4.663245421686460813e-04
4.676144250247272582e-04
4.659087220687300698e-04
4.565376360967223022e-04
4.645214431054357730e-04
4.622882448085066263e-04
4.626280315856020568e-04
4.598730047869067309e-04
4.610653946338783417e-04
4.608586818785480625e-04
4.743296410592775527e-04
4.529489657752925301e-04
4.771986764685679774e-04
4.685744815247340164e-04
4.619323708567886597e-04
4.685018231929649309e-04
4.093969496713567124e-04
4.071474402204214868e-04
4.070728174078145256e-04
4.058788113466035418e-04
4.040118850701089636e-04
4.101120495414804757e-04
4.143732884300074153e-04
4.143431020479294738e-04
4.117089234817299928e-04
4.090383212407311961e-04
4.038936629270513650e-04
4.092974339552696490e-04
4.117140522511262050e-04
4.034493754189165545e-04
3.992619393541226285e-04
4.053817979717952631e-04
4.081134404432737992e-04
4.119874814909602187e-04
4.038372437011391192e-04
4.051843773581028296e-04
4.046043801114022377e-04
4.055205908685272087e-04
4.061139693358055717e-04
4.065543039894056938e-04
4.078340352631159259e-04
4.090631456254789438e-04
3.978222117404497590e-04
3.997181986074244218e-04
4.067379705208752595e-04
4.010957715633724587e-04
3.987288616213297259e-04
3.994902845154265302e-04
4.000049094773001392e-04
4.042826540812495062e-04
4.002563008070287925e-04
4.069540404256373999e-04
3.983028996403196065e-04
4.082172131165862257e-04
4.013586205075539101e-04
3.990390193685593406e-04
4.006950712267545950e-04
4.004247836761235880e-04
3.976522750472501872e-04
4.048723545265457842e-04
4.075648693094355421e-04
4.029224405530840332e-04
4.014503799696704468e-04
4.002064369463672277e-04
3.971717632671315553e-04
4.049608371745321705e-04
4.046321850610039403e-04
3.997524768956715164e-04
4.000990445141695373e-04
4.055572620090392680e-04
3.993330691711947391e-04
4.007598770863657648e-04
3.963608960325401098e-04
4.068851731680629019e-04
3.993983953333799918e-04
4.019070419275925956e-04
4.011881032160350248e-04
3.970104219236721566e-04
3.981567384482967474e-04
3.990266290641138669e-04
3.988162424444915912e-04
3.994375564128396761e-04
4.007990416398064804e-04
4.002148599829524994e-04
4.016246562380166208e-04
4.053537763418659087e-04
4.052754395109201967e-04
3.974924273862843441e-04
3.934803326976381906e-04
3.998717500473417206e-04
4.014890784737727724e-04
3.850636657951990796e-04
3.846401234512172970e-04
3.800013756179916082e-04
3.827416708522905211e-04
3.842928752465735133e-04
3.874744354407229320e-04
3.788102925976827230e-04
3.839283128128579336e-04
3.784873113331813457e-04
3.813100995732441744e-04
3.764578847709806734e-04
3.778753334024389132e-04
3.757302212669321947e-04
3.784243730894689133e-04
3.823285446953146528e-04
3.816955870327849959e-04
3.813197779920070524e-04
3.780523713840733204e-04
3.795317683317181359e-04
3.789417716186671168e-04
3.817273093764448179e-04
3.808103018211171252e-04
3.801150716626868951e-04
3.761148734003423762e-04
3.760249468882287177e-04
3.796320079663206642e-04
3.722868347355711306e-04
3.784605394124925426e-04
3.847706592863514140e-04
3.807663797984816114e-04
3.823154440356625562e-04
3.780096956151759264e-04
3.751812988914371926e-04
3.863706143705972857e-04
3.778603204732967620e-04
3.784001342553113315e-04
3.763411200184020437e-04
3.784337973902149603e-04
3.743618444931353360e-04
3.741749002420831490e-04
3.755857342196303010e-04
3.781010846178683125e-04
3.836204930918202401e-04
3.782957660529525810e-04
3.739007137021020102e-04
3.833090571413141673e-04
3.775206402624173611e-04
3.844664852497064393e-04
3.775380822342066568e-04
3.771163825322652353e-04
3.771318847476135016e-04
3.804336927483774962e-04
3.759036894096800824e-04
3.713992153597433978e-04
3.795996082333167893e-04
3.828771344740830736e-04
3.811524826700666202e-04
3.789905034419563108e-04
3.822300172344382193e-04
3.777922639652850183e-04
3.736324357755836851e-04
3.786449038445772282e-04
3.792735561913263519e-04
3.795258178087394796e-04
3.805494639239022695e-04
3.759425128292706261e-04
3.776152877854035625e-04
3.774062556857686710e-04
3.831602217415200134e-04
3.764640872684558819e-04
3.751979917768270790e-04
3.793016421638192642e-04
3.758684440981596817e-04
3.809485476397510241e-04
3.778541674985299160e-04
3.749173189631648559e-04
3.774408936788815937e-04
3.704532783197623364e-04
3.746212706790261258e-04
3.693811060483789062e-04
3.701893198266920830e-04
3.688774778071554259e-04
3.703428799146047334e-04
3.694315227247508345e-04
3.705630215653587882e-04
3.708847716916352706e-04
3.703525408341120403e-04
3.733775094299325776e-04
3.667677669612217934e-04
3.740188679085039046e-04
3.731538143215907730e-04
3.681470431934391521e-04
3.757221083293506357e-04
3.735227619172148050e-04
3.752013779104879251e-04
3.726140318608413922e-04
3.703241472479902228e-04
3.753731606642730359e-04
3.722769003694078802e-04
3.660793759165302205e-04
3.755817013711387872e-04
3.717029588444838595e-04
3.744194111491124985e-04
3.717591483626396542e-04
3.700530722678180479e-04
3.732697326239080120e-04
3.720422439269780628e-04
3.723047058548896796e-04
3.742643503568297771e-04
3.676513150253052473e-04
3.743429056328115290e-04
3.725453098821971103e-04
3.721716374321471302e-04
3.671970654145947357e-04
3.684042585045395161e-04
3.655058444691969537e-04
3.732323677774282292e-04
3.723100223763298926e-04
3.728537380673168744e-04
3.709929953477094202e-04
3.707015208737363143e-04
3.686139840699200095e-04
3.699926164237752821e-04
3.675171147869337948e-04
3.722506167647975680e-04
3.706864539038626379e-04
3.695974289070046311e-04
3.698732916797910523e-04
3.694089150078417368e-04
3.717716368440065816e-04
3.768099386185880489e-04
3.726533647175759895e-04
3.712410786344359499e-04
3.712557349723601217e-04
3.716818996453805524e-04
3.718134986573002655e-04
3.739609003126148287e-04
3.751607414146530665e-04
3.721140447213122063e-04
3.730031037666199233e-04
3.707510649248780296e-04
3.685506596599543057e-04
3.734244608009854981e-04
3.761109385439859935e-04
3.692380509649713697e-04
3.683616160895557203e-04
3.680953245595215977e-04
3.737437062238949050e-04
3.713478087188883049e-04
3.738015064496606320e-04
3.701641113822540349e-04
3.760117566257360658e-04
3.724794382680325926e-04
3.705627463817123563e-04
3.690511955221789740e-04
3.729241811263833239e-04
3.742142615743749992e-04
3.754880780627625736e-04
3.746543162583654512e-04
3.727180447562464705e-04
3.701074939915939945e-04
3.719866953121261661e-04
3.739451385650133437e-04
3.665329437954203224e-04
3.667040854056794678e-04
3.689880280696328793e-04
3.687171334962523151e-04
3.679516388376849424e-04
3.760669919078252861e-04
3.716344904664549116e-04
3.722260441882388124e-04
3.683915210976487320e-04
3.649713774766063547e-04
3.728995362799319155e-04
3.763406119301974505e-04
3.692547034560924343e-04
3.690871988083162030e-04
3.701000265215361037e-04
3.740915298158864824e-04
3.685984089748845405e-04
3.680426556809199431e-04
3.703483684535419269e-04
3.761236240813833768e-04
3.695563066913376874e-04
3.736784362367221021e-04
3.750224402433054356e-04
3.704993749066950895e-04
3.757484038064759090e-04
3.738852066268759985e-04
3.733116021150693692e-04
3.711808535144738128e-04
3.727576699078319344e-04
3.652947957235728647e-04
3.688649551957727361e-04
3.735712796841408152e-04
3.670501548035572928e-04
3.738696263578262092e-04
3.700489756126429646e-04
3.672649879156360286e-04
3.717291606996681497e-04
3.688302726691795571e-04
3.709781762685567690e-04
3.741333179826300992e-04
3.723020542649522601e-04
3.729980252683162841e-04
3.661620487008125429e-04
3.709631745466991756e-04
3.735582673523042663e-04
3.695226536272832696e-04
3.653865183577946637e-04
3.705039685813798687e-04
3.677104233158012912e-04
3.688298154895799865e-04
3.703602706451737778e-04
3.724276983652204608e-04
3.698090484942353974e-04
3.688708860020611436e-04
3.727117839956744952e-04
3.711204702914175282e-04
3.694872121651848838e-04
3.701574789981047168e-04
3.722113879796649471e-04
3.730661211542726178e-04
3.743761167344120079e-04
3.730736989786641441e-04
3.719626154403187575e-04
3.712657377094267120e-04
3.686019397592023988e-04
3.659600234915694477e-04
3.723891501662336028e-04
3.710310451782471218e-04
3.686839109286666112e-04
3.716183593311894154e-04
3.674428553933957605e-04
3.739504312305519276e-04
3.762489674051129737e-04
3.669467582441275264e-04
3.696789265432882943e-04
3.680585059596018439e-04
3.750429963988680549e-04
3.660999074216104467e-04
3.749032745817823856e-04
3.745505948539911757e-04
3.697044873473397260e-04
3.734554615913934393e-04
3.675252383035267621e-04
3.741807325203562744e-04
3.700085987322150778e-04
3.729246161685931542e-04
3.703789800472025552e-04
3.681312145901814562e-04
3.679860106277619593e-04
3.729024665090181442e-04
3.686821313264469551e-04
3.671413070581380582e-04
3.706759809043317700e-04
3.729550301888218296e-04
3.716040206130682608e-04
3.674777361586512416e-04
3.726468648436287012e-04
3.722558183861630291e-04
3.706502039281148837e-04
3.728602154343019399e-04
3.758972340137771428e-04
3.683362447745388321e-04
3.709932743564307118e-04
3.677452219251011226e-04
3.738694181776650027e-04
3.733882840190615214e-04
3.749615724368523585e-04
3.708103777367680889e-04
3.686594297843320063e-04
3.700999788836472444e-04
3.688141079952141944e-04
3.703644608945718905e-04
3.732781554572284157e-04
3.693635832510947675e-04
3.731503618866323585e-04
3.683150157753732764e-04
3.704512567030236324e-04
3.706320652198637688e-04
3.664797670134003430e-04
3.705074082660888050e-04
3.727738703933677488e-04
3.698337151085041180e-04
3.696401079096609888e-04
3.709663278959129755e-04
3.704458457743009720e-04
3.722534627498437759e-04
3.699830278850323347e-04
3.647602767598564035e-04
3.736670055086650289e-04
3.708946282073618660e-04
3.705904142938495124e-04
3.692751591433844692e-04
3.729655197082412362e-04
3.698087960577732558e-04
3.724334779055050223e-04
3.686821380526655498e-04
3.739135180200849127e-04
3.749856553114359089e-04
3.728432233245777242e-04
3.731834662649484934e-04
3.723225861026476608e-04
3.698095940940436771e-04
3.682767165758247824e-04
3.704856544740439033e-04
3.706877675121798116e-04
3.732267743538296412e-04
3.733135350713772424e-04
3.693375961359826641e-04
3.702274091275674817e-04
3.672303092880322166e-04
3.707146521801838422e-04
3.712367430691503674e-04
3.693017301090534494e-04
3.710937812473506857e-04
3.692476280469683919e-04
3.662808077956830697e-04
3.723358444403856776e-04
3.711656501723660474e-04
3.731075570075994587e-04
3.659665660326561431e-04
3.639398988092407117e-04
3.690451708260095620e-04
3.744173219006153653e-04
3.699663562500583175e-04
3.690491576812097063e-04
3.718434742260132869e-04
3.684712611027948651e-04
3.695630618289763450e-04
3.685202156858785019e-04
3.699269760141356365e-04
3.717633960805537697e-04
3.681869044833417409e-04
3.690194333386090267e-04
3.703996974841824866e-04
3.671905886019683667e-04
3.715634671416843233e-04
3.658886394640874532e-04
3.669527704117908195e-04
3.713786491887673667e-04
3.720074837716916966e-04
3.680904057904309419e-04
3.739376160656175956e-04
3.689884503615931230e-04
3.668955214957277892e-04
3.706242235946572284e-04
3.767687304218905959e-04
3.723487006832978344e-04
3.650720615775161749e-04
3.686575519867122969e-04
3.714226978454029330e-04
3.661731195207389741e-04
3.663560789492395346e-04
3.693253631215719741e-04
3.679120114132288931e-04
3.646540548560017487e-04
3.700055692914045640e-04
3.686163588500921610e-04
3.714657732145121879e-04
3.702785135320728034e-04
3.735003701692062939e-04
3.707171059102706877e-04
3.708683286926576193e-04
3.733525703114176381e-04
3.717669029073375920e-04
3.738659565218738863e-04
3.692931771862305616e-04
3.640006128365972358e-04
3.678925994170149732e-04
3.714216857712479276e-04
3.719435558683933745e-04
3.683813408179770123e-04
3.708895994257921033e-04
3.673404029991832491e-04
3.663796237448141641e-04
3.725092436209143836e-04
3.729736922855769765e-04
3.637845679518899710e-04
3.686765305668352226e-04
3.668859486083781091e-04
3.698714328042808277e-04
3.679261692903108014e-04
3.706473123101103806e-04
3.761384907429889796e-04
3.717555450682070214e-04
3.723462885023937573e-04
3.687494279011078601e-04
3.655964208375071366e-04
3.695908985987660252e-04
3.731024514565924261e-04
3.703498134448651377e-04
3.723458851695001437e-04
3.708276227633986355e-04
3.680691572224041521e-04
3.711396667529784431e-04
3.653995587217015299e-04
3.685424332913484619e-04
3.704570068992556154e-04
3.688067834573014272e-04
3.660755484579278850e-04
3.704891909497775248e-04
3.708737379767828440e-04
3.675514746213420433e-04
3.700124915681838570e-04
3.650079091959115753e-04
3.675368213693478207e-04
3.715960538783480427e-04
3.692900590849892712e-04
3.659724307224331962e-04
3.655931539648759449e-04
3.694020737043863015e-04
3.663584959345855038e-04
3.690561786338332419e-04
3.720588908375551253e-04
3.707585389456076008e-04
3.682350131890012291e-04
3.682338859191134966e-04
3.693442701894257573e-04
3.687456463434038412e-04
3.682472379989035031e-04
3.774122612565637843e-04
3.708206049890981561e-04
3.645213153989364891e-04
3.729942567934769722e-04
3.688375448941119878e-04
3.721018080111770173e-04
3.655482607612770907e-04
3.714870105475364661e-04
3.726660745913192452e-04
3.693680400731012684e-04
3.693677586806376305e-04
3.678742462273923387e-04
3.771423595395707656e-04
3.689652591914175305e-04
3.690997762088146284e-04
3.698385151709237617e-04
3.725210731730810992e-04
3.675576037586858599e-04
3.734900801634741425e-04
3.722972162104847406e-04
3.672006253581789584e-04
3.683420355867831047e-04
3.661021379206980141e-04
3.682210307479614250e-04
3.688252931978139347e-04
3.698748060952990343e-04
3.670478444398632065e-04
3.707273176220792486e-04
3.723085772002204677e-04
3.708701325942658942e-04
3.684933800878564900e-04
3.716764093047776629e-04
3.701653254647103487e-04
3.674564712185649277e-04
3.716281673590105883e-04
3.670844281949694424e-04
3.708326189763962101e-04
3.715722963938282355e-04
3.736210386786195854e-04
3.655918275878306391e-04
3.699263266199046473e-04
3.696083833670450345e-04
3.722994003374691021e-04
3.698114646110860953e-04
3.715962843252493502e-04
3.712511205461822080e-04
3.712826039982102390e-04
3.698491645673851664e-04
3.693099111865555265e-04
3.701256931803765539e-04
3.742148966476735276e-04
3.669982988549958165e-04
3.651984363409971433e-04
3.642772173782485214e-04
3.709591238848155702e-04
3.661803227187770157e-04
3.740136507558562370e-04
3.666355369782577870e-04
3.749073467897398896e-04
3.687579570604222257e-04
3.675648785336682513e-04
3.679643990287172705e-04
3.730559099968226992e-04
3.660413771424265018e-04
3.681710375369422867e-04
3.695094446644246007e-04
3.739351786429151209e-04
3.662498734544016575e-04
3.698952142001381174e-04
3.733267586415869930e-04
3.732059044127781101e-04
3.723192718693069852e-04
3.708311981181540038e-04
3.690386133541959102e-04
3.711019598302387097e-04
3.725313492644105259e-04
3.688929168995292340e-04
3.719925068111883115e-04
3.728465575702665695e-04
3.699035175876425985e-04
3.660901399358870560e-04
3.700485118731324137e-04
3.728321011340807352e-04
3.696403758496873831e-04
3.683480432456625350e-04
3.686181107158994206e-04
3.691336360116976851e-04
3.691303180456752568e-04
3.689326944073573374e-04
3.729904442194050939e-04
3.719503332912507871e-04
3.662997673613034035e-04
3.735164302356895833e-04
3.684445932721866924e-04
3.722048907112034729e-04
3.707898946456788321e-04
3.669925753603733984e-04
3.721844719257205746e-04
3.683510829051513287e-04
3.701836564153107817e-04
3.705685502029068285e-04
3.652294117048205269e-04
3.700474436239649585e-04
3.683835686007071132e-04
3.701521637516894570e-04
3.647516124017004409e-04
3.682063065010995027e-04
3.693829387396810630e-04
3.688466209836954398e-04
3.714870768303554349e-04
3.738274874853058901e-04
3.696432733346545637e-04
3.683453441656652709e-04
3.677451299200396213e-04
3.753973565448725895e-04
3.674392165460933974e-04
3.763380038019802022e-04
3.676725632422382086e-04
3.687074505132696667e-04
3.676986326426563223e-04
3.684213024098426255e-04
3.752224950493121243e-04
3.703103770708872063e-04
3.689013728650198222e-04
3.707299916820216371e-04
3.741247053461385771e-04
3.679923888015013936e-04
3.680765932418464934e-04
3.687024359509999578e-04
3.642657885165323517e-04
3.719098319018644184e-04
3.702888421950832338e-04
3.705721794413254617e-04
3.675394483642386461e-04
3.712348927122851336e-04
3.668447701068270088e-04
3.694504955857400973e-04
3.714282732153873076e-04
3.678764116447714376e-04
3.722830807849292017e-04
3.667025054464974278e-04
3.675105550792068113e-04
3.718816188703631177e-04
3.667106971676860664e-04
3.655616989144907679e-04
3.720673197318637203e-04
3.652333980426192284e-04
3.672310826183843913e-04
3.644971520499518699e-04
3.636814962836012132e-04
3.665635678621511620e-04
3.636791936532106535e-04
3.671520882995710352e-04
3.723374982401432987e-04
3.671917423886793957e-04
3.698454789137320159e-04
3.675754594483546093e-04
3.700879881424563238e-04
3.680393077056145329e-04
3.701193901776735073e-04
3.719641567052652648e-04
3.690879327884416874e-04
3.710073591136033499e-04
3.658970682290456334e-04
3.680941493006511774e-04
3.671403845868236081e-04
3.685362629097191519e-04
3.745067045591505325e-04
3.691540754932378103e-04
3.654239883106793086e-04
3.676359570356056575e-04
3.729588890980397144e-04
3.694796893886098145e-04
3.630720265579247328e-04
3.671847609248722112e-04
3.691365177713570910e-04
3.730325439264849910e-04
3.681328799021208560e-04
3.681299910281917733e-04
3.705773770713084486e-04
3.656758771773191007e-04
3.706633866328509774e-04
3.644970301649577476e-04
3.689179615956538708e-04
3.736676304002425311e-04
3.727028300497858327e-04
3.688083554521971730e-04
3.715573128549352704e-04
3.709624972867054836e-04
3.710111325407134601e-04
3.715010011930846320e-04
3.730902831727964304e-04
3.728283749937656559e-04
3.706328393725146072e-04
3.641433258991806751e-04
3.663571388737875130e-04
3.684589868163808363e-04
3.668672310572768233e-04
3.662586571752197355e-04
3.716889960831770505e-04
3.650206666705863826e-04
3.671362973742246403e-04
3.677246356493837605e-04
3.681688982113782028e-04
3.725737073164921186e-04
3.716885405296962617e-04
3.682921449136402682e-04
3.671466860927582337e-04
3.641604826719100729e-04
3.671255220644294398e-04
3.682695807600837486e-04
3.732861437842190859e-04
3.684170248489531427e-04
3.693757967890373304e-04
3.684892025517506561e-04
3.665309519477425327e-04
3.740690549417945892e-04
3.713236824010631831e-04
3.688121337576636283e-04
3.696248340716083128e-04
3.611635167654308055e-04
3.702219388732272691e-04
3.668757349747927914e-04
3.616584976026344976e-04
3.733307247545333569e-04
3.700687809263370864e-04
3.682106799290826003e-04
3.701003880650248815e-04
3.691841945022580982e-04
3.664406475293198722e-04
3.701851777510628723e-04
3.728237431792039863e-04
3.652332940634103590e-04
3.734687923468531234e-04
3.682487995903347550e-04
3.722369776196068143e-04
3.697543442969964279e-04
3.698230629032921396e-04
3.732206397283349296e-04
3.658854998537295180e-04
3.676709283645900723e-04
3.663864379031731532e-04
3.663955701308118013e-04
3.657675708740181116e-04
3.682166527372799573e-04
3.641174388273308747e-04
3.647602038154940476e-04
3.682534160861183859e-04
3.672186080329415889e-04
3.698909014374727328e-04
3.682786654607052984e-04
3.673839003091589192e-04
3.692868174356778231e-04
3.675297320642996533e-04
3.689675811412079028e-04
3.672098949374187822e-04
3.715150953743547859e-04
3.667076894946928647e-04
3.664341539381042430e-04
3.704758833110746675e-04
3.630297446793447828e-04
3.672606495600785263e-04
3.704661584740120300e-04
3.683024120428377685e-04
3.681466289396797100e-04
3.676487285540335501e-04
3.714679096574111366e-04
3.748974244716385146e-04
3.673011792864325415e-04
3.708400397140178208e-04
3.657258804776661581e-04
3.708164017492284435e-04
3.660737167644713603e-04
3.672365154812319240e-04
3.717241415362213626e-04
3.681612864232784743e-04
3.678792207464871627e-04
3.706158156551065818e-04
3.682066611243441719e-04
3.707800750871972266e-04
3.672662113482753508e-04
3.673978940960729417e-04
3.682194239393408596e-04
3.750878551398359722e-04
3.690409207797890078e-04
3.670638476291464432e-04
3.685390191810530977e-04
3.706566611349227649e-04
3.710127173228159919e-04
3.675399306285682998e-04
3.674242896256998177e-04
3.696477597224570566e-04
3.644807151304410098e-04
3.688223448781562932e-04
3.725564751278845343e-04
3.702578788885610254e-04
3.656122961732012210e-04
3.691862688385068206e-04
3.679125548879956021e-04
3.702416039064585808e-04
3.687354151551271533e-04
3.684335124183682497e-04
3.727659567569692771e-04
3.689942249311281780e-04
3.695745219934791037e-04
3.656831905356652639e-04
3.663859210930587012e-04
3.674248385886173677e-04
3.721623111604934679e-04
3.702184521696633775e-04
3.675149788244789812e-04
3.678504431191535902e-04
3.643993882551079737e-04
3.671076802706848695e-04
3.656997779820351136e-04
3.701028178837741903e-04
3.718273394689377990e-04
3.705611975220519830e-04
3.702329344574421051e-04
3.700764730040516154e-04
3.678096579166040378e-04
3.662057598638865830e-04
3.653433601213028022e-04
3.678113058032024280e-04
3.721550554554495759e-04
3.660689845185963599e-04
3.654949087834370204e-04
3.679601754438841595e-04
3.685647910202129174e-04
3.698475691415960731e-04
3.666388553877671509e-04
3.679077897871297384e-04
3.697134546994689701e-04
3.679382560464242971e-04
