3.790977654594277629e-02
2.323233064677980228e-02
2.115283352869843508e-02
2.065650809851903719e-02
2.127283750427147804e-02
2.099982139728372166e-02
2.091675755641763182e-02
2.181901152053522530e-02
2.161398301048884224e-02
2.138546029608400997e-02
2.098055288313873182e-02
2.054614002742464682e-02
2.082395474293402202e-02
2.021427009195562313e-02
2.053521215797416907e-02
2.046805321697204791e-02
2.044856278077950701e-02
1.974287891790034444e-02
2.031395195140725182e-02
2.052147529427967437e-02
1.959235078876926661e-02
1.993906806740495738e-02
1.992613384056659068e-02
1.975572869772948895e-02
1.987041609982649615e-02
2.012157922344548489e-02
1.985389337180152800e-02
1.931377001343265523e-02
1.991833693569614733e-02
2.036356791380852099e-02
1.974326139522923282e-02
2.036471312836049194e-02
1.988397277891635825e-02
1.999155334300465117e-02
1.941419373429010761e-02
1.990482148315225394e-02
2.092194198852493497e-02
1.940700793313601680e-02
1.989931269652313664e-02
1.980382284593014408e-02
1.962822995488605962e-02
1.952001613283914361e-02
1.975260388283502436e-02
2.023462653160095284e-02
1.965599640730827588e-02
1.974124393647625278e-02
1.984465196019127159e-02
1.944293456891226304e-02
1.996542792353365320e-02
2.020644689599673111e-02
1.978798075682586949e-02
1.974989386896292345e-02
1.937129216416487790e-02
1.968648925482753553e-02
2.041063958690279845e-02
1.926569531952578018e-02
1.973426982405639823e-02
1.975987955573059104e-02
1.960265410088357640e-02
1.990483310132745709e-02
2.003243785055856818e-02
2.005975200188538435e-02
1.999585488958964194e-02
2.011612207998358937e-02
1.954096213929236783e-02
1.962521975712170838e-02
1.957668998884776190e-02
1.991729392300522344e-02
2.032929182170875593e-02
1.967282770171998110e-02
1.995100508370096712e-02
2.011228966571035684e-02
2.017571258994322117e-02
1.931240385841755808e-02
2.022540779695624485e-02
1.942173643244637232e-02
1.994103266074070957e-02
1.951800924444955371e-02
2.024532046701226981e-02
1.932872596950757985e-02
1.996597150725031716e-02
1.931475935829064100e-02
1.992444450301783521e-02
2.005472807775414076e-02
1.933751552469200469e-02
1.947708321942223306e-02
1.981614249802771122e-02
1.980735244377264739e-02
1.939074615755724540e-02
2.039270763477635598e-02
2.010303428367016948e-02
1.970992326499923855e-02
1.950184663136800278e-02
2.006573618522712252e-02
1.704070612669937243e-02
1.674739715244088697e-02
1.674506237050370563e-02
1.698340893028274512e-02
1.670359119181595228e-02
1.692017782302129847e-02
1.688597666484022847e-02
1.668821638420460787e-02
1.674118613794682575e-02
1.682020218658542010e-02
1.657154753331153973e-02
1.675222044308034147e-02
1.694278685996929851e-02
1.650898897517768041e-02
1.685907301330377348e-02
1.647644051601962478e-02
1.648957927312169613e-02
1.654912566026997892e-02
1.668122599049219959e-02
1.643645367452076581e-02
1.665635267893473409e-02
1.661027731994787690e-02
1.679155081510543684e-02
1.657966753320088554e-02
1.673896089550994809e-02
1.654269991531258366e-02
1.651968564779039347e-02
1.641116561279410552e-02
1.676787631734023148e-02
1.682259389923678600e-02
1.653889989332547189e-02
1.660123945228637182e-02
1.649111218513950317e-02
1.659249580805263746e-02
1.645503959130673044e-02
1.664952788797635988e-02
1.634753265314631970e-02
1.638479604430142025e-02
1.664404144362797641e-02
1.637109416581335533e-02
1.643970750035747552e-02
1.658963245413606208e-02
1.650192727053922254e-02
1.660433229945954686e-02
1.659164855108847744e-02
1.657947326108576841e-02
1.633859039299071642e-02
1.648274031423387076e-02
1.637210291765985037e-02
1.660319859073275742e-02
1.651225406440004484e-02
1.642146068137316506e-02
1.647424956931481388e-02
1.638929169092859586e-02
1.647445667830724561e-02
1.657072215917564442e-02
1.648387340503552553e-02
1.670137739489002682e-02
1.641965866561919882e-02
1.644381167987982520e-02
1.648191265288799501e-02
1.644205081793996895e-02
1.623482227916755311e-02
1.643667653557800284e-02
1.639909705472370957e-02
1.639654117089415358e-02
1.636678270345169259e-02
1.638771730933397466e-02
1.638889847530259139e-02
1.659762542044359440e-02
1.621936602606659922e-02
1.667098479611532971e-02
1.654813429665943914e-02
1.636269769853069753e-02
1.649396268503060259e-02
1.536574325154698058e-02
1.532122672905051469e-02
1.533611573101509133e-02
1.530144073778674785e-02
1.528453816378873460e-02
1.537612662192374899e-02
1.540469647636489268e-02
1.542279583948945321e-02
1.539078980861675189e-02
1.534997706375424743e-02
1.527810225174540577e-02
1.533258271181867256e-02
1.536841169295329913e-02
1.523546911894329073e-02
1.518642676432454403e-02
1.524100616574287394e-02
1.534969826894146995e-02
1.537571894211901477e-02
1.526994238356276130e-02
1.528802116711934327e-02
1.524205384628167168e-02
1.533172695882736684e-02
1.529022625159649588e-02
1.530913413339664124e-02
1.527898789575648716e-02
1.536936819198585734e-02
1.515339653052034767e-02
1.521423029994207685e-02
1.530885927142604935e-02
1.520779595192935790e-02
1.516270938728536861e-02
1.517616209411431875e-02
1.517203706420130159e-02
1.519778071060067133e-02
1.516997144808844913e-02
1.526200610848646270e-02
1.515508003710281347e-02
1.533096780557008029e-02
1.520796822354433982e-02
1.513652246386285732e-02
1.518081331182093846e-02
1.519622334648692424e-02
1.515762215805432217e-02
1.524689126050188422e-02
1.525585042224043841e-02
1.522338775297005925e-02
1.519427311384961669e-02
1.514769692151319430e-02
1.513195088694965947e-02
1.528623414772843636e-02
1.524467590782377369e-02
1.517268707591389910e-02
1.517858477161517297e-02
1.528373253487405256e-02
1.515993143949243699e-02
1.519859499578911192e-02
1.512849917842282177e-02
1.528012521683223650e-02
1.518280081450939199e-02
1.520655579628452450e-02
1.516955936002352921e-02
1.509012324705956420e-02
1.515684546814078347e-02
1.516244117939282918e-02
1.512966211944345371e-02
1.513673922608769172e-02
1.519326560199260774e-02
1.516534997712051976e-02
1.521757534099003710e-02
1.527883158848872269e-02
1.525349911124933289e-02
1.509143565264013144e-02
1.509364364047845186e-02
1.516330764052413807e-02
1.520460960470021786e-02
1.485287711379073942e-02
1.482996445208314799e-02
1.475667988556244974e-02
1.482604596941244045e-02
1.485311057832505895e-02
1.489043497376971691e-02
1.476109236301410832e-02
1.480552637033046189e-02
1.473065933774387985e-02
1.478917007408444770e-02
1.471416089269850062e-02
1.472506423199933592e-02
1.467417828916084237e-02
1.471937673964670776e-02
1.479017386360773935e-02
1.476869368009151029e-02
1.478512265852519394e-02
1.470761610342869764e-02
1.474664962185280592e-02
1.472372265857836530e-02
1.479175147260465388e-02
1.475149060407328176e-02
1.473372205382301667e-02
1.466563099551768459e-02
1.468836135866623087e-02
1.472528922001993881e-02
1.460426153881209249e-02
1.469297972818215704e-02
1.482516808997070938e-02
1.473960615339733361e-02
1.478812863311124159e-02
1.473856162575502317e-02
1.467531465230480052e-02
1.484912932865203351e-02
1.467963132415972018e-02
1.470212723291109552e-02
1.467351777686013055e-02
1.471692747658207359e-02
1.466679566909396409e-02
1.465929471547641402e-02
1.467033988071812442e-02
1.472645261812777738e-02
1.476939987568628293e-02
1.477321003637616613e-02
1.465446972066447931e-02
1.481790783031592361e-02
1.472777857075607995e-02
1.480716192060046663e-02
1.470338332038077095e-02
1.470183342340446696e-02
1.467635690515476515e-02
1.475842900101154501e-02
1.464429846358677664e-02
1.462919674163299863e-02
1.473920627837143303e-02
1.478719774101461618e-02
1.475952169843136250e-02
1.472333863850623821e-02
1.478477821286235463e-02
1.471090509659714156e-02
1.457368399356565730e-02
1.470844968148167162e-02
1.474171726003525688e-02
1.471907230301035784e-02
1.472798477326120632e-02
1.465041637479785885e-02
1.469553376710604035e-02
1.467635312073287471e-02
1.484803852462579336e-02
1.465252779542453726e-02
1.464819823997834392e-02
1.473009386410315848e-02
1.468144992218604200e-02
1.474277908012034365e-02
1.470158810653383712e-02
1.459761262945239585e-02
1.467185427212999022e-02
1.455344947616732387e-02
1.462863383193810721e-02
1.457104765706592094e-02
1.453217235467736679e-02
1.448787681994930139e-02
1.458650356069916831e-02
1.451498482080679046e-02
1.454987592758640383e-02
1.452351910963891116e-02
1.453645145727528419e-02
1.460332909805907124e-02
1.444853586277791355e-02
1.463833618258673051e-02
1.457656046050408508e-02
1.448446179311426926e-02
1.463089344343022728e-02
1.458945326093170382e-02
1.465002413543443904e-02
1.459075200179266521e-02
1.454670958220958751e-02
1.461336154313314442e-02
1.455874606375656515e-02
1.443157632436071168e-02
1.467606006219746538e-02
1.460707802502881833e-02
1.460471908842760416e-02
1.456699016725733140e-02
1.450098044756385936e-02
1.458532226464104992e-02
1.456615200768860557e-02
1.456470158128511314e-02
1.464252321966110632e-02
1.449734469846127548e-02
1.464750923630264018e-02
1.455868929328899518e-02
1.457109656362306528e-02
1.448960371078952987e-02
1.449926597258401235e-02
1.444996025886327584e-02
1.460076450769390299e-02
1.459753215076431410e-02
1.462686665178764348e-02
1.449199547902459140e-02
1.458226687555748240e-02
1.448444880190349719e-02
1.450608057339513104e-02
1.449977456813766885e-02
1.453372870291036283e-02
1.451268748986342567e-02
1.451221601948851636e-02
1.452995647277150783e-02
1.453507617470763992e-02
1.457339196096337115e-02
1.467806750346743912e-02
1.456946909368511157e-02
1.455254858211865558e-02
1.456033346080590728e-02
1.457720970468861718e-02
1.452597816075597466e-02
1.455828504075133527e-02
1.462059014432487078e-02
1.459422450690042380e-02
1.456208639201663803e-02
1.457604288640949528e-02
1.449936567317871780e-02
1.457605942728973543e-02
1.463906093190113673e-02
1.450192722772795061e-02
1.452337865555097113e-02
1.449257052252216939e-02
1.462360975169946231e-02
1.458139978230945689e-02
1.453681343486384718e-02
1.448023617799792939e-02
1.463451662766081934e-02
1.458375884900017447e-02
1.452565361109990974e-02
1.451812288827366258e-02
1.458476370348343702e-02
1.458023992086213659e-02
1.462240730663613708e-02
1.460737586849265683e-02
1.462242853073846688e-02
1.447692188892572666e-02
1.456779163449056606e-02
1.459683830657648729e-02
1.450372772557394913e-02
1.447265268081710486e-02
1.452852025391563467e-02
1.449940099780048716e-02
1.452601865643546666e-02
1.464344402331681401e-02
1.457122080146320241e-02
1.454157111663667047e-02
1.449307664992317314e-02
1.447884839323777990e-02
1.455801171561082151e-02
1.464199938707881447e-02
1.454531381291056420e-02
1.451851466936724538e-02
1.452356902379838173e-02
1.458483766941797224e-02
1.454706451131237803e-02
1.446798270361291001e-02
1.457985805613653922e-02
1.462732840565935007e-02
1.454477572724932784e-02
1.460298633350739367e-02
1.462895697071438759e-02
1.454790292219037065e-02
1.462609928160432844e-02
1.459360804822709863e-02
1.457748498590219662e-02
1.453111336936080238e-02
1.460531701999051232e-02
1.443347877571507162e-02
1.448901555959194488e-02
1.460511986934949491e-02
1.449787958392075200e-02
1.463508501708034489e-02
1.453684294625880169e-02
1.448793239300213108e-02
1.457752547330326554e-02
1.452035424846505329e-02
1.455260638561513623e-02
1.459426340957482686e-02
1.456689739038073868e-02
1.458123909279940636e-02
1.449100625834294671e-02
1.453807361364837722e-02
1.457270307259427196e-02
1.450872063577648106e-02
1.444163276917404676e-02
1.454943327676682177e-02
1.449410314834307170e-02
1.452348058008485349e-02
1.453882674908354121e-02
1.454400200219381489e-02
1.453869237017536842e-02
1.451060480068600347e-02
1.456097739852136967e-02
1.456627218377968581e-02
1.453226991589107175e-02
1.454662154354746315e-02
1.457579502924567262e-02
1.458820615377691074e-02
1.461168351804926352e-02
1.455915832152915312e-02
1.457080814514368286e-02
1.454678076836797909e-02
1.452327821817663012e-02
1.450642443602047187e-02
1.454719424602531237e-02
1.455415175192885900e-02
1.449322775834136455e-02
1.452875992667580426e-02
1.445380562709437482e-02
1.461518323669830886e-02
1.464670958618322950e-02
1.448145202228001173e-02
1.453945063586746002e-02
1.449315788313036875e-02
1.460852847271968367e-02
1.446432685213429672e-02
1.459590674747550214e-02
1.456721264750711516e-02
1.452409123440110555e-02
1.456331422227242697e-02
1.443406635215358121e-02
1.458017690905502942e-02
1.447966815874216981e-02
1.456704732030630195e-02
1.461197820861661299e-02
1.447669538004057663e-02
1.451523599170503193e-02
1.454781486460613761e-02
1.451294231982458265e-02
1.449534133372325749e-02
1.454674476255027153e-02
1.455510490233936048e-02
1.454968598212987713e-02
1.446126824570080627e-02
1.454921026788060651e-02
1.455029633546632388e-02
1.454188606450482028e-02
1.459736771349396008e-02
1.463164698923864054e-02
1.453272751990764868e-02
1.453213571496899184e-02
1.449363128415175929e-02
1.459082929624451463e-02
1.456202995209466763e-02
1.462377917671960417e-02
1.452098498386996187e-02
1.445726524979349184e-02
1.449523133772706238e-02
1.456529888013998603e-02
1.455183965346169839e-02
1.457432304287240542e-02
1.451157686137963775e-02
1.460102442415460791e-02
1.451389093543328963e-02
1.450439843511770570e-02
1.455443688919619977e-02
1.442717532671633149e-02
1.457058353379132171e-02
1.457640364293068258e-02
1.454614915604156115e-02
1.448649817161143730e-02
1.455327125946207639e-02
1.453355554313886730e-02
1.455408219484582814e-02
1.451094881587085272e-02
1.446190497823177795e-02
1.462260822691614608e-02
1.454039426372637743e-02
1.455145209554641918e-02
1.450042226011790877e-02
1.461113277763601351e-02
1.450804616191557483e-02
1.460014097924743418e-02
1.445143154038796424e-02
1.461061682611230865e-02
1.458988407538050654e-02
1.456434440340787645e-02
1.457779711614998544e-02
1.457911952502197704e-02
1.454046607254043388e-02
1.454314669919392483e-02
1.454809192449800503e-02
1.454400970940552054e-02
1.459185335134702971e-02
1.455601352015658059e-02
1.449897691548343755e-02
1.447258971572395331e-02
1.448193995962067208e-02
1.453647844020336359e-02
1.457399437943148260e-02
1.450180313889942556e-02
1.451973085661256192e-02
1.451316503068757376e-02
1.449227364822512631e-02
1.456872652802202427e-02
1.455339863659843580e-02
1.455928562002049495e-02
1.444048752978680655e-02
1.441518757847093379e-02
1.454358480397670988e-02
1.456563271759521438e-02
1.450095923883574361e-02
1.451670460816886776e-02
1.456375368235130092e-02
1.449682287930969225e-02
1.454218906601743161e-02
1.449194846940892074e-02
1.454177718313913459e-02
1.456686812379057519e-02
1.446304134314968515e-02
1.451143670117571206e-02
1.449574462596386198e-02
1.445414250687001266e-02
1.455756222208341027e-02
1.445670834491177142e-02
1.446385530370568502e-02
1.452229628132449199e-02
1.457932706744897999e-02
1.448081870518979491e-02
1.456050672878821638e-02
1.447418822182549442e-02
1.450006418166652558e-02
1.452130539845379598e-02
1.462502848179567452e-02
1.453541422883669609e-02
1.447667725561630099e-02
1.449917504416098693e-02
1.455354833058894633e-02
1.448988073047191398e-02
1.444198728258174608e-02
1.452728216669389207e-02
1.447604588986862312e-02
1.441607609686870392e-02
1.455005473205967480e-02
1.454320597624968008e-02
1.455323380669431080e-02
1.453769609568611107e-02
1.457889889381707577e-02
1.455161919787762576e-02
1.451477761779512710e-02
1.458414301217075305e-02
1.456695942355999869e-02
1.455542310244507288e-02
1.449000075932532945e-02
1.441186524513695007e-02
1.448685307942685664e-02
1.454685956298831968e-02
1.454399020780646618e-02
1.444655507389042137e-02
1.450755920556802588e-02
1.445784176566771058e-02
1.447537284521829490e-02
1.455037846983898292e-02
1.462067784948481441e-02
1.440604263768782700e-02
1.449509082864674364e-02
1.450203319094956790e-02
1.453689351914420891e-02
1.446763923480397229e-02
1.454973933656537356e-02
1.465031410552679499e-02
1.455633150384066585e-02
1.454126989202839983e-02
1.452748759871437360e-02
1.444024935305591659e-02
1.450914303875631799e-02
1.460085880129583305e-02
1.451453011128164480e-02
1.454108582543475227e-02
1.456813982554844462e-02
1.450989694645007412e-02
1.455909789554656573e-02
1.443184354298171490e-02
1.449651292451317394e-02
1.456181572129329124e-02
1.449151425311962817e-02
1.445534806284639630e-02
1.452700294790759857e-02
1.450503681564614851e-02
1.446973319328020459e-02
1.452878896087881136e-02
1.445674018372618969e-02
1.445136636732116502e-02
1.455732607415744298e-02
1.448983261036494372e-02
1.443476149250590666e-02
1.443302796591841922e-02
1.449570392154985073e-02
1.447030233899279303e-02
1.450744804172288821e-02
1.455091664478892419e-02
1.453436700183720863e-02
1.450992661336111648e-02
1.448132857562057542e-02
1.447619214003521317e-02
1.450407262359346659e-02
1.454102860911497992e-02
1.467864058911800412e-02
1.449979956365293927e-02
1.445422756529989722e-02
1.452410083382375643e-02
1.450516326973835639e-02
1.454780431848669807e-02
1.447367779496643199e-02
1.456462009499470342e-02
1.459548660213985140e-02
1.452878159071717933e-02
1.451258274061339310e-02
1.450386066048864331e-02
1.463029840813269769e-02
1.449740287566941843e-02
1.449147548703920256e-02
1.451670341548465595e-02
1.458235237096983279e-02
1.451516911564838287e-02
1.459384598251846181e-02
1.456703908031894978e-02
1.445968163983216322e-02
1.445483513235572802e-02
1.443502949816840089e-02
1.447815525448984536e-02
1.451254712920340209e-02
1.454905767762471741e-02
1.447911792922587648e-02
1.454644965865309336e-02
1.458437315764881358e-02
1.454310006388122994e-02
1.451587535559185037e-02
1.458518726366852918e-02
1.453676245101387550e-02
1.449563758240805800e-02
1.453764500066874465e-02
1.448375177761864960e-02
1.455914314067553034e-02
1.459426105318088404e-02
1.457491888413353642e-02
1.445004800837191260e-02
1.454706864106276691e-02
1.453824355133942134e-02
1.453452760678908100e-02
1.449329909646794937e-02
1.454075056054289321e-02
1.454417953060732974e-02
1.455219535837097740e-02
1.453165059524869247e-02
1.454085267607181826e-02
1.451017929921074451e-02
1.458584287987341882e-02
1.446414349866764933e-02
1.445482147946244161e-02
1.444118838284223771e-02
1.456850539478990805e-02
1.447565071107376200e-02
1.458845249835460933e-02
1.447344772754207559e-02
1.462171723031335455e-02
1.454724219583329765e-02
1.448453324299956053e-02
1.452314363881236116e-02
1.458201363623615361e-02
1.446924874233821053e-02
1.449090131691523932e-02
1.450047687405631690e-02
1.461402635843980953e-02
1.446552213103998244e-02
1.451117790052815042e-02
1.453490171936296267e-02
1.458315043695389279e-02
1.458679721114181267e-02
1.454044366521494748e-02
1.451768693706345995e-02
1.453148525385629559e-02
1.457444923855955553e-02
1.448306838198313608e-02
1.455995575657912690e-02
1.451824672756686987e-02
1.452198800054334445e-02
1.444483605523904160e-02
1.453913468985803571e-02
1.460467826811567144e-02
1.455684560040632937e-02
1.449166227013818850e-02
1.448881159817415505e-02
1.453421981798277973e-02
1.453793046315984133e-02
1.451159650607714534e-02
1.455508040471209345e-02
1.459570006304790162e-02
1.446892019242994321e-02
1.461496811951436617e-02
1.448792558399930770e-02
1.454468663367960123e-02
1.451604266606626101e-02
1.447364170872975954e-02
1.456496953668575366e-02
1.451564909624201982e-02
1.453349230071854931e-02
1.454488815769316643e-02
1.449204270447057401e-02
1.449152231098167418e-02
1.447445913144047337e-02
1.455915165444215086e-02
1.442225963113799928e-02
1.452859563546048290e-02
1.450729033421902479e-02
1.450438503530763514e-02
1.454942812936173627e-02
1.459405106566255030e-02
1.451162321759121715e-02
1.448167272444282269e-02
1.451775161342488442e-02
1.464284074566666975e-02
1.450581522569769841e-02
1.458027631931361687e-02
1.449036614466754289e-02
1.448549101158740082e-02
1.446860216498848002e-02
1.449353904478133635e-02
1.459006118869024538e-02
1.448951970017145485e-02
1.448455509626203098e-02
1.451678895406306735e-02
1.456800317243924295e-02
1.450476859533597618e-02
1.449698936016786607e-02
1.451884667729101512e-02
1.444127974765641378e-02
1.454009625528539934e-02
1.452700848380724524e-02
1.453234524894801358e-02
1.446648966521024704e-02
1.450257264491584645e-02
1.449806623515628549e-02
1.454045312153914686e-02
1.455800728901984233e-02
1.451688317315919137e-02
1.455049640543404008e-02
1.444432180966176600e-02
1.443305846776754206e-02
1.455513100065882262e-02
1.446960869999158912e-02
1.443823097894589118e-02
1.457658172422458299e-02
1.441719024663879779e-02
1.447608498945122599e-02
1.445291906713493287e-02
1.441438013480769199e-02
1.452829040586948312e-02
1.440873590785832561e-02
1.448924041220120071e-02
1.456179423405537521e-02
1.447343742090558168e-02
1.452747044818742013e-02
1.446303368028667262e-02
1.444359793549492184e-02
1.446343485798154589e-02
1.452319696190811256e-02
1.456205208209298933e-02
1.450472358200285104e-02
1.452081466123225119e-02
1.448958717641376376e-02
1.445990609980764806e-02
1.448281566715902725e-02
1.451653264936000540e-02
1.458548700052594328e-02
1.449698380002426706e-02
1.449524281576039346e-02
1.446202888730026455e-02
1.454359747410293585e-02
1.454203344763271323e-02
1.442161228862546760e-02
1.447903481859063278e-02
1.451590298364559793e-02
1.455847287047950037e-02
1.449910600152280564e-02
1.449903172219083394e-02
1.454812620958638621e-02
1.447170819081957348e-02
1.456734586802739886e-02
1.440291726873034472e-02
1.451358383964924600e-02
1.456120363776645943e-02
1.452661204255289475e-02
1.447781132031527793e-02
1.453890222050840952e-02
1.457117815280244491e-02
1.455616226685898726e-02
1.453807917024407988e-02
1.459428077415814498e-02
1.462589983784017174e-02
1.451498281092397820e-02
1.441726467320843426e-02
1.449448966909022522e-02
1.453807728926813717e-02
1.448905534924022770e-02
1.447268074053147460e-02
1.453178305001485981e-02
1.445744977524829333e-02
1.448698000420653616e-02
1.445975928789093416e-02
1.449605590235146339e-02
1.455270966307984498e-02
1.458058743013276003e-02
1.449829807002393084e-02
1.449283244472647503e-02
1.442024781472153218e-02
1.449703636623564211e-02
1.449945147844061005e-02
1.456245013527453919e-02
1.447600586073739121e-02
1.449511193212062524e-02
1.447304549848749469e-02
1.446123328237306459e-02
1.459436757164815114e-02
1.454218406821527164e-02
1.452281143930223180e-02
1.452200857419816242e-02
1.436871730973796231e-02
1.453951492787353660e-02
1.448712296429134627e-02
1.432093748497584480e-02
1.461435891806133272e-02
1.451688822122320331e-02
1.446663423722225478e-02
1.452677441731331856e-02
1.452480511592021094e-02
1.446195644873475225e-02
1.451142497124179899e-02
1.454431768625028508e-02
1.445158348374423612e-02
1.455688952453552780e-02
1.450657905035075690e-02
1.454706956942876210e-02
1.449433792973794585e-02
1.455301927432181390e-02
1.461064842958298936e-02
1.444298186058562937e-02
1.450674129502167731e-02
1.448544534898939598e-02
1.445927930020150624e-02
1.445450763912901025e-02
1.451909363033279492e-02
1.443291331922251161e-02
1.446433682940782145e-02
1.450567216627181473e-02
1.446730582960068304e-02
1.452553032054787648e-02
1.452181916743043935e-02
1.447153355985406932e-02
1.449305639025710857e-02
1.448759709913579295e-02
1.448217609098979321e-02
1.444504707578628776e-02
1.452310276823857473e-02
1.449510210208476528e-02
1.447746948353827862e-02
1.451374176061815714e-02
1.442407289785998213e-02
1.444774662218396670e-02
1.449783435534863184e-02
1.447250418305870076e-02
1.449064743246824064e-02
1.445413855333176935e-02
1.453004492890267070e-02
1.454305166526446286e-02
1.448901072617561105e-02
1.452145018866137817e-02
1.443107836066730501e-02
1.455766548299127112e-02
1.445151722856930290e-02
1.450710589450503185e-02
1.454758607087627310e-02
1.449920821343622483e-02
1.448831492532340337e-02
1.451547644677616232e-02
1.451451267928831161e-02
1.452132043502633515e-02
1.442434159595341880e-02
1.448750324547290816e-02
1.447664370612492674e-02
1.459123153180356958e-02
1.449475108867599900e-02
1.446464015496155657e-02
1.445518249675394919e-02
1.459020941444332670e-02
1.457635067639842866e-02
1.445780195768863428e-02
1.445976945320292043e-02
1.451927967369556413e-02
1.443107178050374167e-02
1.448329100355742402e-02
1.456332856937060313e-02
1.453438136785749346e-02
1.444613211389098907e-02
1.447873153620296040e-02
1.447489532390757241e-02
1.457737950815094809e-02
1.449814758603534988e-02
1.448943008033056097e-02
1.454791329564556271e-02
1.451314520268213136e-02
1.448901173377793901e-02
1.445599917026739283e-02
1.444940221274182944e-02
1.446403773945002282e-02
1.455158819163602547e-02
1.449089287883705522e-02
1.446343779209114180e-02
1.450287527862995432e-02
1.443943678268364526e-02
1.446328612074019443e-02
1.441783784519112301e-02
1.452646737179112864e-02
1.453621956564131283e-02
1.452857818040582949e-02
1.454934568159163902e-02
1.453689716283291036e-02
1.448438897610656792e-02
1.445132213925558358e-02
1.442615249504645633e-02
1.446692261194425927e-02
1.455209632596326207e-02
1.447400763394340699e-02
1.441241592287071174e-02
1.448660537304859337e-02
1.447314345351760276e-02
1.449968481584200733e-02
1.447108439391567650e-02
1.450632838266236423e-02
1.449760888717950384e-02
1.449102980395158141e-02
