9.413504959288097051e-01
9.855231395978776288e-01
9.882078625663878180e-01
9.888179012707301041e-01
9.880922496129596055e-01
9.883289858651539417e-01
9.884364722645472279e-01
9.875879931828331904e-01
9.877214432519579868e-01
9.880610678687927750e-01
9.884134580597044861e-01
9.889134589831034550e-01
9.886882755113026722e-01
9.894150871700710947e-01
9.891082889314681825e-01
9.891385177203587675e-01
9.891475442477635216e-01
9.899368327004568480e-01
9.892516222454252883e-01
9.891503768875485880e-01
9.900583222555735530e-01
9.897429433701530055e-01
9.896934367739964600e-01
9.899953315750000815e-01
9.898255521153647152e-01
9.895956214269002738e-01
9.898202730738927535e-01
9.903447583365061480e-01
9.898373727571396774e-01
9.893118456431797547e-01
9.899280828899806872e-01
9.893527157344514933e-01
9.898829942657834113e-01
9.897642353602817966e-01
9.903366305714561557e-01
9.898572277265881292e-01
9.884874214444842044e-01
9.902954041768634585e-01
9.898727282645209957e-01
9.899475863623240501e-01
9.901770680291311910e-01
9.902084434978545291e-01
9.900317362376621633e-01
9.894078391695779739e-01
9.901608057627602211e-01
9.901030008755032918e-01
9.898795746243189697e-01
9.903004256127372340e-01
9.896882183211190842e-01
9.895703595403640973e-01
9.899529761359805446e-01
9.899938793787880220e-01
9.904029568793282223e-01
9.900020854813712523e-01
9.893167550601656979e-01
9.905366184219481784e-01
9.899859158954923410e-01
9.899935410514710821e-01
9.901745571787394784e-01
9.897827346362765288e-01
9.896610037864200793e-01
9.896818313522944832e-01
9.896671582025194924e-01
9.896886770687406409e-01
9.902811796703036018e-01
9.901458955946422780e-01
9.901712423279172004e-01
9.897971343994140803e-01
9.894197672510903763e-01
9.900570136024838819e-01
9.897615046728225341e-01
9.896059466543651872e-01
9.896055629518296648e-01
9.903668495586940290e-01
9.895605533842056767e-01
9.903333707839723221e-01
9.897314563251676800e-01
9.901997854974534663e-01
9.895072921495589036e-01
9.904089378932166010e-01
9.896737425667898602e-01
9.904866998536245859e-01
9.898031074281722352e-01
9.896567614494807819e-01
9.903371331048390624e-01
9.902528911545163126e-01
9.899483453659784216e-01
9.899851441761804427e-01
9.903644877766806243e-01
9.892225651135519993e-01
9.896660273794143370e-01
9.901045392430017911e-01
9.902756191813756326e-01
9.897487590804933122e-01
9.925182005715749156e-01
9.928046146271720662e-01
9.928081749355982533e-01
9.925811215809413612e-01
9.928013300517248840e-01
9.926105768718416211e-01
9.926579606722271132e-01
9.928076347850618433e-01
9.927562898302835226e-01
9.926983157036796124e-01
9.928544499003697510e-01
9.927407647692968462e-01
9.925168896099877403e-01
9.929470431615435855e-01
9.927014773611038123e-01
9.929508246315850162e-01
9.929715637555197594e-01
9.929107515774076020e-01
9.928234122669885586e-01
9.929719825018019641e-01
9.927653602191379711e-01
9.928688369856940588e-01
9.927066183468652438e-01
9.928772830963135121e-01
9.927935653262668358e-01
9.929108498209998634e-01
9.929890178120325261e-01
9.930020597245957648e-01
9.927094501919216940e-01
9.926973922668941297e-01
9.929288637070429191e-01
9.929230155642070343e-01
9.929183628067137501e-01
9.928574478815472837e-01
9.929807584247891672e-01
9.927993078837319407e-01
9.930963436762492158e-01
9.930450228282383662e-01
9.928290548021830864e-01
9.930348002342950231e-01
9.929946498265341814e-01
9.928746967845493154e-01
9.929539018207126366e-01
9.928779371579488089e-01
9.928622267359779041e-01
9.929050111013745239e-01
9.930769772378225113e-01
9.929765534022497731e-01
9.930715883724273718e-01
9.928720206684535921e-01
9.929567735535758111e-01
9.929944092129904254e-01
9.929606075892373207e-01
9.930866149493625672e-01
9.929840458007085369e-01
9.928653909668090360e-01
9.929723833099244334e-01
9.927885540326436553e-01
9.930167988746885221e-01
9.930017310475546255e-01
9.929556943121410351e-01
9.929880558498321852e-01
9.931422794811309851e-01
9.930239539297800455e-01
9.930399154481434065e-01
9.930232394309270738e-01
9.930755513811868607e-01
9.930634254122536753e-01
9.930629437310355412e-01
9.928812037952362557e-01
9.931693460827781816e-01
9.928189726481362332e-01
9.929517786464994167e-01
9.930655214143178089e-01
9.929529193469456283e-01
9.938474647960965358e-01
9.938718913471887850e-01
9.938676990781512011e-01
9.939036889681740483e-01
9.939332384911794271e-01
9.938197565457177474e-01
9.937716475744096112e-01
9.937722085771106828e-01
9.938116547418018865e-01
9.938571490181816737e-01
9.939266643070039375e-01
9.938438751962449524e-01
9.938180715318709613e-01
9.939245986181591830e-01
9.939920753145974341e-01
9.938911688517010345e-01
9.938668590500241429e-01
9.938150181089129287e-01
9.939182717837984349e-01
9.939075322756691921e-01
9.939184826896304559e-01
9.939133141154334883e-01
9.938973904034448248e-01
9.938833332818651778e-01
9.938589742070152999e-01
9.938649867072938404e-01
9.940077191685873226e-01
9.939838662980094997e-01
9.938910938823033447e-01
9.939659175418672499e-01
9.939956433810884784e-01
9.939931427486359272e-01
9.939812182244800454e-01
9.939225725522117250e-01
9.939864187013535135e-01
9.938791305299788936e-01
9.940061814822848119e-01
9.938562741733732997e-01
9.939737731312948688e-01
9.939953153852432166e-01
9.939805098563905261e-01
9.939825227147056630e-01
9.940258695208836759e-01
9.939053872653416111e-01
9.938784978503272249e-01
9.939531454585847081e-01
9.939607822327386488e-01
9.939749163673037291e-01
9.940160213197980488e-01
9.939166705192081785e-01
9.939229295367286721e-01
9.939992587150089376e-01
9.939681423656524517e-01
9.938970450371030774e-01
9.939894496448455907e-01
9.939941163290114678e-01
9.940259684835160980e-01
9.938649686556013663e-01
9.940088887441725918e-01
9.939508053234645812e-01
9.939721912807888415e-01
9.940413426217579174e-01
9.940259736303299620e-01
9.940012049674987749e-01
9.940006989146036309e-01
9.940030141482277815e-01
9.939780374557253273e-01
9.939844212834797466e-01
9.939550338851080857e-01
9.938976570916554509e-01
9.939105388096400873e-01
9.940375820038810373e-01
9.940887364887055488e-01
9.939874669862172052e-01
9.939512405319819166e-01
9.941867879837278377e-01
9.942154518763224313e-01
9.942936294797867225e-01
9.942518825379629277e-01
9.942139362910437095e-01
9.941692284932212020e-01
9.943030757374233808e-01
9.942091100178067631e-01
9.943022054339212268e-01
9.942620038229321722e-01
9.943232297897338645e-01
9.943118927213880909e-01
9.943376754957532482e-01
9.943000345381479699e-01
9.942444343415517416e-01
9.942633707561190359e-01
9.942532394424317133e-01
9.943096256256103160e-01
9.942879522035992235e-01
9.943018682797749586e-01
9.942538433983212354e-01
9.942706008941407658e-01
9.942764893032255413e-01
9.943507091961210076e-01
9.943415536956181633e-01
9.942880954061236176e-01
9.944042545651632370e-01
9.943169107134379736e-01
9.942236496153331604e-01
9.942701616362920047e-01
9.942525556352403981e-01
9.943136173202877792e-01
9.943511909908718804e-01
9.941849899670434088e-01
9.943201304617381719e-01
9.943070457473633939e-01
9.943458190796867768e-01
9.943060585430689713e-01
9.943526229404268113e-01
9.943687089284261038e-01
9.943576041478959793e-01
9.943130499597579997e-01
9.942210468034895499e-01
9.942874134532988517e-01
9.943683667409988214e-01
9.942293874044266788e-01
9.943297009241013340e-01
9.942157325290498227e-01
9.943163249984620089e-01
9.943401818426828020e-01
9.943203132493155794e-01
9.942823164803641367e-01
9.943370015280587060e-01
9.944098448374915078e-01
9.942893952036661043e-01
9.942505914824349977e-01
9.942702289990016373e-01
9.943050278936114150e-01
9.942532087507701677e-01
9.943201203573317493e-01
9.943792682980734376e-01
9.943154940151033294e-01
9.943016038622174424e-01
9.942850035334390713e-01
9.942757410851735811e-01
9.943499048550923369e-01
9.943386816978454501e-01
9.943189197873312235e-01
9.942158527979775284e-01
9.943393304612901940e-01
9.943513271543714671e-01
9.943026623650202955e-01
9.943461085501171803e-01
9.942750886886838613e-01
9.943194722372388217e-01
9.943490418933687014e-01
9.943226242822313932e-01
9.944226228244721355e-01
9.943730415616716112e-01
9.944362993088979863e-01
9.944368770387437273e-01
9.944485402107239302e-01
9.944255827343653209e-01
9.944466497406126981e-01
9.944143802400619014e-01
9.944297166476173677e-01
9.944351751842196441e-01
9.943827558699108726e-01
9.944794206013755078e-01
9.943627884652879168e-01
9.943871261959984498e-01
9.944575415717230582e-01
9.943600852527315626e-01
9.943795704084729126e-01
9.943623211648728866e-01
9.943829269636245138e-01
9.944356007046170065e-01
9.943523321076045418e-01
9.943967670486086874e-01
9.945012690907433228e-01
9.943510442309909658e-01
9.944236584315224725e-01
9.943831420323205883e-01
9.944258037067594813e-01
9.944219511274307033e-01
9.943779021596151901e-01
9.944020323147849671e-01
9.944041086000109386e-01
9.943826600483485212e-01
9.944746840946258049e-01
9.943646964951167178e-01
9.944022572229779255e-01
9.943992732063172690e-01
9.944849372288537825e-01
9.944576561261737613e-01
9.944973218251788039e-01
9.943949806879437414e-01
9.944113099764263497e-01
9.943845163451300317e-01
9.944159291660974453e-01
9.944082027011447167e-01
9.944631819876413870e-01
9.944176047945779695e-01
9.944555301893325261e-01
9.944007397076439769e-01
9.944233278244261065e-01
9.944372840911622768e-01
9.944332258285037973e-01
9.944408478434123566e-01
9.944016662098112969e-01
9.943343165185716259e-01
9.943992913336980877e-01
9.944079212915329924e-01
9.944305071755060732e-01
9.944112144954621035e-01
9.944203038821144425e-01
9.943617996715363727e-01
9.943613829309978502e-01
9.944157413830833070e-01
9.943861633633810371e-01
9.944332333595033990e-01
9.944487247769794314e-01
9.943853634122817864e-01
9.943451957854013701e-01
9.944461183699350171e-01
9.944435188505384993e-01
9.944731159058828318e-01
9.943783129586113434e-01
9.944183399185301253e-01
9.943784087801736948e-01
9.944326336800105581e-01
9.943499209010411288e-01
9.943894864263989053e-01
9.944298874007331257e-01
9.944525158972967738e-01
9.943836475175524825e-01
9.943744457714140950e-01
9.943475394021896729e-01
9.943588331010606574e-01
9.943839464868817757e-01
9.944456307471745138e-01
9.944098586884756452e-01
9.943879367434789174e-01
9.944877388742234814e-01
9.944844750752525053e-01
9.944546596587650056e-01
9.944551987496633716e-01
9.944587171266949799e-01
9.943415986923944683e-01
9.944104226808699876e-01
9.944038228004697944e-01
9.944625482861957355e-01
9.945037923540387403e-01
9.943951311187139153e-01
9.943474371471102691e-01
9.944490041051592399e-01
9.944444621176946608e-01
9.944500015273927129e-01
9.943604417831178877e-01
9.944498857997712271e-01
9.944799621143037838e-01
9.944271392670889220e-01
9.943655757676987950e-01
9.944407768476577480e-01
9.943990246833316338e-01
9.943492000065152769e-01
9.944183460871378610e-01
9.943553678573123777e-01
9.943767543822999988e-01
9.943814322305104536e-01
9.944244401038638825e-01
9.943877541072785320e-01
9.945091235448443312e-01
9.944393042534116489e-01
9.943746394959707136e-01
9.944803030528719390e-01
9.943785287841917508e-01
9.944367286894056912e-01
9.944755971999394983e-01
9.943932828070625174e-01
9.944691982723418144e-01
9.944275154007805595e-01
9.943534141873556775e-01
9.943750698225838347e-01
9.943819801769558930e-01
9.944922223166814401e-01
9.944053463330344567e-01
9.943879029864356456e-01
9.944431574760921322e-01
9.945132087147424693e-01
9.944240161729237526e-01
9.944512556469630171e-01
9.944553214027768151e-01
9.944294833380078469e-01
9.943839470167008532e-01
9.944384239590357000e-01
9.944457384139772094e-01
9.943889564938015457e-01
9.944292319767058519e-01
9.944456842967441812e-01
9.944430059478396311e-01
9.944076302694896397e-01
9.943849398976281062e-01
9.943715738493298373e-01
9.943795437282986205e-01
9.943937876867869896e-01
9.943977269672211738e-01
9.944387562691219262e-01
9.944865373959617116e-01
9.944118378654358548e-01
9.944157276077876251e-01
9.944573471659705621e-01
9.944092560949779891e-01
9.944871142932346642e-01
9.943931335116189540e-01
9.943417287629747747e-01
9.944726926182944071e-01
9.944311950320289251e-01
9.944721720332191373e-01
9.943582738770379015e-01
9.945025247997707485e-01
9.943452892984663283e-01
9.943722135680062024e-01
9.944329171332102479e-01
9.943706308092389312e-01
9.944529010000683344e-01
9.943799960424030138e-01
9.944327957289559317e-01
9.943978915517291961e-01
9.944447555239238623e-01
9.944748263888888440e-01
9.944547323196653021e-01
9.943876219552660878e-01
9.944481131008693353e-01
9.944835371062868967e-01
9.944263343962411739e-01
9.943786278603569118e-01
9.944060792620219580e-01
9.944715084348405565e-01
9.943961126085311131e-01
9.944109923120528771e-01
9.944230749493553345e-01
9.943864469679575269e-01
9.943466122566707588e-01
9.944578121200440268e-01
9.944138960989694631e-01
9.944732169877915640e-01
9.943820650993832055e-01
9.943863705226353433e-01
9.943665023833986316e-01
9.944258547964550665e-01
9.944404090396942175e-01
9.944326166879563500e-01
9.944475359386868440e-01
9.944245915942722114e-01
9.943769355047317182e-01
9.944439639363970018e-01
9.943818558586968726e-01
9.944580317678906045e-01
9.944385085408650182e-01
9.944077264694940466e-01
9.944848175654336098e-01
9.944378679139272981e-01
9.944023318139333378e-01
9.944437019030253344e-01
9.944243678970942080e-01
9.944243541596428093e-01
9.944238945037600086e-01
9.944093703466748702e-01
9.944298626127696661e-01
9.945155443842449428e-01
9.943810445164876777e-01
9.944077632919190446e-01
9.944206710467262678e-01
9.944523298172723846e-01
9.943982676475766613e-01
9.944338280435592869e-01
9.944006958083501102e-01
9.944618171358865499e-01
9.943689544617183573e-01
9.943607402983165588e-01
9.943913861683436606e-01
9.943933188347588992e-01
9.944118622371128646e-01
9.944470697357541411e-01
9.944615617252531292e-01
9.944173161567203545e-01
9.944193578901745489e-01
9.944007158279418723e-01
9.943936667366632953e-01
9.944494662966046894e-01
9.944263549078078412e-01
9.944885300833081754e-01
9.944160065196809839e-01
9.944270804193284796e-01
9.944415194647652223e-01
9.944353843492175216e-01
9.944552254298376637e-01
9.944806652598910945e-01
9.943989403285677930e-01
9.944101383194090538e-01
9.943890023988390947e-01
9.944861358687990815e-01
9.945172703076923248e-01
9.944494666372026836e-01
9.943751205716814257e-01
9.944199367931910727e-01
9.944567348843529331e-01
9.944124929110209621e-01
9.944479758777315936e-01
9.944467956679208243e-01
9.944530034443689326e-01
9.944446841497269762e-01
9.944065026252988382e-01
9.944418829584878994e-01
9.944484256941175104e-01
9.944172911038474671e-01
9.944766114628503795e-01
9.944044427644638251e-01
9.944996721782382032e-01
9.944868916178506435e-01
9.944209832236879931e-01
9.943990006900969014e-01
9.944674662938193244e-01
9.943831906999860415e-01
9.944602521639022141e-01
9.944744010198683926e-01
9.944059538841247825e-01
9.943337866238185496e-01
9.944029209727333063e-01
9.945098976861862505e-01
9.944433088529677223e-01
9.944247356293693940e-01
9.944954699183267133e-01
9.944961964516412234e-01
9.944499104742019480e-01
9.944682937576657666e-01
9.945076561352563793e-01
9.944264897846040174e-01
9.944628053619748442e-01
9.944128361959305717e-01
9.944226400057474269e-01
9.943812771070571488e-01
9.944387897612556593e-01
9.944215173569936894e-01
9.943906014306204133e-01
9.944242469091264525e-01
9.943803633205474668e-01
9.944517751724001320e-01
9.945203776586623023e-01
9.944658326724219455e-01
9.944305732136681231e-01
9.944059086224389388e-01
9.944567166434393757e-01
9.944200886998857403e-01
9.944808855510893775e-01
9.944964161373319733e-01
9.943863911098903552e-01
9.943848087295653615e-01
9.945309371418422639e-01
9.944562901390923138e-01
9.944794216988578350e-01
9.944434220071822761e-01
9.944614924324883809e-01
9.944185175971379520e-01
9.943421747192503490e-01
9.943994959952339174e-01
9.944037441223386731e-01
9.944540717488243864e-01
9.945175755970061537e-01
9.944556934492928546e-01
9.943931268131922518e-01
9.944321414402552683e-01
9.944047815837557813e-01
9.944251631933544999e-01
9.944683834106202713e-01
9.944166737132602574e-01
9.945065916152227015e-01
9.944529255609663165e-01
9.944235626478044043e-01
9.944465946772741427e-01
9.944840434997800349e-01
9.944310273064507211e-01
9.944226822398958276e-01
9.944676548337179067e-01
9.944321384505619976e-01
9.945263705177912472e-01
9.944754154720003569e-01
9.944038232167561331e-01
9.944429391149490760e-01
9.944963796555049695e-01
9.944987809468829321e-01
9.944431051753815920e-01
9.944971383942498022e-01
9.944524545518178549e-01
9.944039350842672764e-01
9.944215121344914809e-01
9.944669396536690575e-01
9.944557188427637362e-01
9.944523290982322239e-01
9.944600313807290259e-01
9.944598236538114699e-01
9.943265528905959050e-01
9.944112835990057686e-01
9.945190561385381933e-01
9.943955264772688096e-01
9.944563808516850845e-01
9.944030751879252561e-01
9.945108448891412101e-01
9.944163909791008393e-01
9.943871373978871997e-01
9.944460980097452607e-01
9.944438959681798362e-01
9.944712330424596569e-01
9.943270120166597392e-01
9.944376882674201834e-01
9.944532817507547584e-01
9.944299166543143498e-01
9.943986347743443144e-01
9.944730421475002080e-01
9.943829850166563400e-01
9.943869180906386163e-01
9.944796370324634482e-01
9.944589340497577146e-01
9.944946643662830876e-01
9.944513789434281659e-01
9.944618646303812204e-01
9.944350428051418334e-01
9.944769941435920302e-01
9.944310333236815458e-01
9.944028570160032832e-01
9.944306382300361902e-01
9.944540745871407461e-01
9.944146874594309571e-01
9.944399837842062828e-01
9.944759119503081557e-01
9.944021522431146787e-01
9.944755351732648130e-01
9.944219962755839193e-01
9.944078012496706531e-01
9.943774101469251558e-01
9.944974943191285943e-01
9.944406911305019303e-01
9.944370804135761466e-01
9.943999029341198392e-01
9.944505670335557213e-01
9.943995573407127253e-01
9.944035492246112717e-01
9.944188774199712588e-01
9.944433482866438245e-01
9.944396682391091202e-01
9.944355644876994305e-01
9.943803138203091141e-01
9.944718876339140312e-01
9.945117973524426613e-01
9.945082547929552375e-01
9.944198173189919832e-01
9.944999298216804506e-01
9.943783610586136579e-01
9.944813341943044005e-01
9.943584849720908947e-01
9.944692263149079725e-01
9.944656857990082921e-01
9.944655641676887203e-01
9.943891641071864740e-01
9.944944502815368237e-01
9.944692633643983370e-01
9.944464260055905225e-01
9.943854092794751631e-01
9.944941559292020949e-01
9.944433251638261639e-01
9.943725230201841958e-01
9.943977885019211760e-01
9.944028572052243664e-01
9.944219471159435608e-01
9.944535601328289287e-01
9.944203455485994825e-01
9.943986725050305564e-01
9.944541883468628329e-01
9.944006970950535207e-01
9.944051109041486258e-01
9.944298125448680636e-01
9.944758199131678023e-01
9.944216264240325343e-01
9.944139332241481721e-01
9.944519805908202947e-01
9.944563579559325683e-01
9.944501025336128786e-01
9.944439175015403753e-01
9.944360237272958924e-01
9.944518365935673954e-01
9.943997847087799880e-01
9.944079600440131061e-01
9.944896017180548942e-01
9.943704295915271052e-01
9.944758366781567549e-01
9.944100597169663880e-01
9.944449794103228379e-01
9.944874793385702905e-01
9.944076902147322983e-01
9.944498593466623015e-01
9.944324486596243240e-01
9.944359103838602554e-01
9.945027811186654132e-01
9.944418440546308746e-01
9.944708411277286553e-01
9.944282312620253972e-01
9.945118384134201683e-01
9.944645038483634902e-01
9.944729705840822387e-01
9.944621175432961646e-01
9.944129541563608843e-01
9.943700308269924903e-01
9.944433770104059711e-01
9.944660432755001445e-01
9.944683481398083336e-01
9.943442616765461040e-01
9.944756485545446223e-01
9.943468007208808856e-01
9.944660238992599766e-01
9.944638114505344184e-01
9.944803038476005552e-01
9.944662488831413905e-01
9.943494788805643525e-01
9.944218662050035018e-01
9.944576414047725521e-01
9.944165750533815462e-01
9.943879671702309242e-01
9.944780189271956727e-01
9.944670674914405373e-01
9.944415194647652223e-01
9.945284591023884069e-01
9.944126341456458462e-01
9.944321815551273591e-01
9.944263426841251086e-01
9.944712911333356553e-01
9.944154068780324263e-01
9.944977493513198485e-01
9.944331213784596279e-01
9.944202560091776055e-01
9.944725197080581669e-01
9.944047658027164172e-01
9.944975275841970719e-01
9.944608242171151247e-01
9.944085480296422919e-01
9.944869237854366828e-01
9.945039894845750794e-01
9.943944853828067254e-01
9.945001868974594483e-01
9.944846365943788014e-01
9.945146746862502107e-01
9.945352711753239205e-01
9.944953310678875669e-01
9.945320685704549524e-01
9.944719166604298888e-01
9.943996178914630280e-01
9.944745165582686841e-01
9.944360417789882556e-01
9.944736529531933433e-01
9.944483134481642006e-01
9.944719962089780818e-01
9.944427990534948636e-01
9.944030058951605078e-01
9.944614171224926968e-01
9.944242253379216301e-01
9.944900894543481362e-01
9.944645509644159942e-01
9.944793464267064342e-01
9.944602685126047170e-01
9.943587243367755235e-01
9.944531762410724340e-01
9.945040982110159300e-01
9.944664266752818449e-01
9.943911325742328389e-01
9.944298676838950746e-01
9.945337478698246247e-01
9.944846283821832111e-01
9.944375222069876674e-01
9.943905900773547524e-01
9.944763210463145597e-01
9.944624264656550805e-01
9.944209907168434226e-01
9.944960256985255764e-01
9.944204425811767889e-01
9.945027565199231478e-01
9.944527940523056886e-01
9.943856625708322738e-01
9.943828960448976018e-01
9.944406492369515238e-01
9.944109859163798859e-01
9.944199903806050234e-01
9.944191464923677337e-01
9.943951772508167197e-01
9.943831147844829355e-01
9.943976403039599399e-01
9.944386480725000421e-01
9.945220035219949350e-01
9.944773528689430098e-01
9.944680450833033314e-01
9.944831940105983703e-01
9.944938196833171817e-01
9.944139676623874324e-01
9.945038405675736826e-01
9.944815799546620205e-01
9.944776054034157875e-01
9.944488357740735029e-01
9.944031210929628051e-01
9.944196835396781342e-01
9.944586004908122501e-01
9.944722020058405221e-01
9.945294844158112380e-01
9.944815185334947572e-01
9.944565998561798459e-01
9.943809242475600829e-01
9.944595589335002428e-01
9.944604945939684582e-01
9.944654891982911415e-01
9.944883052129593892e-01
9.943616484081934104e-01
9.944132419994898830e-01
9.944625658837575877e-01
9.944350349335443484e-01
9.945631172543479837e-01
9.944292409457857751e-01
9.944679217111496161e-01
9.945434968433682910e-01
9.943878367212083402e-01
9.944338698992652992e-01
9.944640743543231576e-01
9.944347923899453656e-01
9.944340226006885830e-01
9.944950747111487299e-01
9.944386842137291627e-01
9.943868238206893251e-01
9.945110788421025472e-01
9.943773319986131121e-01
9.944737094924563925e-01
9.944232687496004086e-01
9.944461914471217634e-01
9.944289917037600901e-01
9.943896994515071253e-01
9.944815963033646344e-01
9.944681412833077383e-01
9.944806649571373836e-01
9.944940034169998944e-01
9.944956816188872395e-01
9.944643161410376964e-01
9.945408106985546004e-01
9.945092826797848895e-01
9.944571129102555140e-01
9.944908807391211747e-01
9.944278750343927831e-01
9.944505140894934758e-01
9.944663354328699967e-01
9.944451455464439205e-01
9.944612390275985314e-01
9.944590043643164456e-01
9.944769342361934328e-01
9.944147807454305488e-01
9.944839319728669969e-01
9.944937854342990047e-01
9.944233963224622386e-01
9.945371793943738048e-01
9.944709293426029495e-01
9.944407247740124633e-01
9.944560984581235497e-01
9.944641184428381075e-01
9.944713323456900733e-01
9.944275806820581654e-01
9.943538614303346623e-01
9.944567519899398800e-01
9.944195263347928027e-01
9.944931586961897052e-01
9.944305119060334874e-01
9.944984973423064423e-01
9.944828262026347288e-01
9.944131968513367781e-01
9.944633349539742095e-01
9.944652157738095299e-01
9.944201439524453789e-01
9.944691815451970340e-01
9.944217015069628518e-01
9.944767019105336114e-01
9.944721482292053771e-01
9.944713729903811306e-01
9.943648823859199126e-01
9.944647922213115665e-01
9.944954874402001099e-01
9.944640345422048888e-01
9.944257503085666139e-01
9.944006496005588502e-01
9.944874637467520095e-01
9.944824655472286334e-01
9.944247144744510214e-01
9.945217745266263787e-01
9.944461469801645359e-01
9.944008071081978928e-01
9.944294880685352611e-01
9.945172066158718405e-01
9.944509138379777902e-01
9.944630477541969160e-01
9.944379099966987878e-01
9.944474423120892581e-01
9.944597571993630813e-01
9.943998488925752666e-01
9.944659037060207263e-01
9.944430390615311977e-01
9.945042267299833982e-01
9.944950403485979251e-01
9.944692320293850862e-01
9.943862029862782226e-01
9.944165605968898758e-01
9.944589834743076118e-01
9.944778095351325398e-01
9.945255399507189065e-01
9.944633882007901660e-01
9.945028010247245476e-01
9.944210265553187211e-01
9.944124398912702611e-01
9.944430140086583103e-01
9.944388250699118803e-01
9.944410374807932662e-01
9.944644343285333754e-01
9.944927574339367249e-01
9.945316485753135094e-01
9.944688812134757638e-01
9.944050607605585679e-01
9.944971663611276158e-01
9.945059696833292717e-01
9.944625714090135071e-01
9.944476444380624391e-01
9.944342735457042393e-01
9.944851272068326864e-01
9.944812861699906525e-01
9.944490882328578252e-01
9.944644398916335781e-01
